{
  "nbformat": 4,
  "nbformat_minor": 0,
  "metadata": {
    "colab": {
      "name": "hCopy of LS_DS_132_Intermediate_Linear_Algebra_Assignment.ipynb",
      "provenance": [],
      "collapsed_sections": [],
      "include_colab_link": true
    },
    "kernelspec": {
      "name": "python3",
      "display_name": "Python 3"
    }
  },
  "cells": [
    {
      "cell_type": "markdown",
      "metadata": {
        "id": "view-in-github",
        "colab_type": "text"
      },
      "source": [
        "<a href=\"https://colab.research.google.com/github/pingao2019/DS-Unit-1-Sprint-1-Data-Wrangling-and-Storytelling/blob/master/hCopy_of_LS_DS_132_Intermediate_Linear_Algebra_Assignment.ipynb\" target=\"_parent\"><img src=\"https://colab.research.google.com/assets/colab-badge.svg\" alt=\"Open In Colab\"/></a>"
      ]
    },
    {
      "cell_type": "markdown",
      "metadata": {
        "id": "GSNiYn8lr6nN",
        "colab_type": "text"
      },
      "source": [
        "# Statistics"
      ]
    },
    {
      "cell_type": "markdown",
      "metadata": {
        "id": "3d4izUhQvh2_",
        "colab_type": "text"
      },
      "source": [
        "## 1.1 Sales for the past week was the following amounts: [3505, 2400, 3027, 2798, 3700, 3250, 2689]. Without using library functions, what is the mean, variance, and standard deviation of of sales from last week? (for extra bonus points, write your own function that can calculate these two values for any sized list)"
      ]
    },
    {
      "cell_type": "code",
      "metadata": {
        "id": "-AvCvLttoLRh",
        "colab_type": "code",
        "colab": {}
      },
      "source": [
        "import pandas as pd\n",
        "import numpy as np\n",
        "import matplotlib.pyplot as plt\n",
        "import random"
      ],
      "execution_count": 0,
      "outputs": []
    },
    {
      "cell_type": "code",
      "metadata": {
        "id": "w1iZfYvBtEA1",
        "colab_type": "code",
        "colab": {}
      },
      "source": [
        "a=[3505, 2400, 3027, 2798, 3700, 3250, 2689]"
      ],
      "execution_count": 0,
      "outputs": []
    },
    {
      "cell_type": "code",
      "metadata": {
        "id": "oEil-vZ8sbkr",
        "colab_type": "code",
        "outputId": "a0e26e76-c67e-4fc5-b253-db6bb1275f41",
        "colab": {
          "base_uri": "https://localhost:8080/",
          "height": 35
        }
      },
      "source": [
        "#mean=\n",
        "np.sum(a)/6"
      ],
      "execution_count": 0,
      "outputs": [
        {
          "output_type": "execute_result",
          "data": {
            "text/plain": [
              "3561.5"
            ]
          },
          "metadata": {
            "tags": []
          },
          "execution_count": 37
        }
      ]
    },
    {
      "cell_type": "code",
      "metadata": {
        "id": "6HqROnFerfvN",
        "colab_type": "code",
        "outputId": "c8ea6c58-3596-4759-acb6-c0b0f1b1519f",
        "colab": {
          "base_uri": "https://localhost:8080/",
          "height": 35
        }
      },
      "source": [
        "# variance=\n",
        "((3505-3053)**2 +(2400-3053)**2+ (3027-3053)**2+ (2798-3053)**2 +(3700-3053)**2 +(3250-3053)**2 +(2689-3053)**2)/6"
      ],
      "execution_count": 0,
      "outputs": [
        {
          "output_type": "execute_result",
          "data": {
            "text/plain": [
              "214388.0"
            ]
          },
          "metadata": {
            "tags": []
          },
          "execution_count": 13
        }
      ]
    },
    {
      "cell_type": "code",
      "metadata": {
        "id": "GLxOGVxAryFb",
        "colab_type": "code",
        "outputId": "5d6b18c3-3e75-48f2-e735-94b45b57cce2",
        "colab": {
          "base_uri": "https://localhost:8080/",
          "height": 35
        }
      },
      "source": [
        "#std=sqrt(var)\n",
        "np.sqrt(214388.0)"
      ],
      "execution_count": 0,
      "outputs": [
        {
          "output_type": "execute_result",
          "data": {
            "text/plain": [
              "463.02051790390453"
            ]
          },
          "metadata": {
            "tags": []
          },
          "execution_count": 16
        }
      ]
    },
    {
      "cell_type": "code",
      "metadata": {
        "id": "eSrHIZxioPR3",
        "colab_type": "code",
        "colab": {}
      },
      "source": [
        "a_np=np.array(a)\n",
        "# checked above results by following functions:"
      ],
      "execution_count": 0,
      "outputs": []
    },
    {
      "cell_type": "code",
      "metadata": {
        "id": "NqJznbzirNPd",
        "colab_type": "code",
        "outputId": "5648913e-455f-4099-c8dd-03f853748756",
        "colab": {
          "base_uri": "https://localhost:8080/",
          "height": 35
        }
      },
      "source": [
        "a_np.var(ddof=1)"
      ],
      "execution_count": 0,
      "outputs": [
        {
          "output_type": "execute_result",
          "data": {
            "text/plain": [
              "214387.90476190473"
            ]
          },
          "metadata": {
            "tags": []
          },
          "execution_count": 14
        }
      ]
    },
    {
      "cell_type": "code",
      "metadata": {
        "id": "mEXrZHgMunHl",
        "colab_type": "code",
        "outputId": "a0f91473-35db-4583-cedd-9f722b0b7785",
        "colab": {
          "base_uri": "https://localhost:8080/",
          "height": 35
        }
      },
      "source": [
        "a_np.std(ddof=1)"
      ],
      "execution_count": 0,
      "outputs": [
        {
          "output_type": "execute_result",
          "data": {
            "text/plain": [
              "463.0204150595357"
            ]
          },
          "metadata": {
            "tags": []
          },
          "execution_count": 17
        }
      ]
    },
    {
      "cell_type": "markdown",
      "metadata": {
        "id": "oh63KaOctEp_",
        "colab_type": "text"
      },
      "source": [
        "## 1.2 Find the covariance between last week's sales numbers and the number of customers that entered the store last week: [127, 80, 105, 92, 120, 115, 93] (you may use librray functions for calculating the covariance since we didn't specifically talk about its formula)"
      ]
    },
    {
      "cell_type": "code",
      "metadata": {
        "id": "G7ZB0krot564",
        "colab_type": "code",
        "outputId": "22e06c59-5b1a-4949-d173-e607c9107c1d",
        "colab": {
          "base_uri": "https://localhost:8080/",
          "height": 35
        }
      },
      "source": [
        "b=[127, 80, 105, 92, 120, 115, 93]\n",
        "b_np= np.array(b)\n",
        "np.cov(b_np)"
      ],
      "execution_count": 0,
      "outputs": [
        {
          "output_type": "execute_result",
          "data": {
            "text/plain": [
              "array(290.95238095)"
            ]
          },
          "metadata": {
            "tags": []
          },
          "execution_count": 20
        }
      ]
    },
    {
      "cell_type": "markdown",
      "metadata": {
        "id": "J9SbUY9mt66I",
        "colab_type": "text"
      },
      "source": [
        "## 1.3 Find the standard deviation of customers who entered the store last week. Then, use the standard deviations of both sales and customers to standardize the covariance to find the correlation coefficient that summarizes the relationship between sales and customers. (You may use library functions to check your work.)"
      ]
    },
    {
      "cell_type": "code",
      "metadata": {
        "id": "vFJms2YRrKhY",
        "colab_type": "code",
        "outputId": "ca342297-0ace-4eaa-aaee-53ebac2a82e6",
        "colab": {
          "base_uri": "https://localhost:8080/",
          "height": 35
        }
      },
      "source": [
        "b_np.std()"
      ],
      "execution_count": 0,
      "outputs": [
        {
          "output_type": "execute_result",
          "data": {
            "text/plain": [
              "15.792015549069118"
            ]
          },
          "metadata": {
            "tags": []
          },
          "execution_count": 21
        }
      ]
    },
    {
      "cell_type": "markdown",
      "metadata": {
        "id": "F0OHOwCl2NP0",
        "colab_type": "text"
      },
      "source": [
        ""
      ]
    },
    {
      "cell_type": "code",
      "metadata": {
        "id": "YnTC5zW2xNRd",
        "colab_type": "code",
        "colab": {}
      },
      "source": [
        "#  customer_std \n",
        "a=463.02051790390453\n",
        "#sale_std\n",
        "b=15.792015549069118 \n"
      ],
      "execution_count": 0,
      "outputs": []
    },
    {
      "cell_type": "code",
      "metadata": {
        "id": "caN5eUEu2hG4",
        "colab_type": "code",
        "colab": {}
      },
      "source": [
        "Cov(X,Y) = ΣE((X-μ)(Y-ν)) / n-1"
      ],
      "execution_count": 0,
      "outputs": []
    },
    {
      "cell_type": "code",
      "metadata": {
        "id": "ZHSDvZTqxQfA",
        "colab_type": "code",
        "colab": {}
      },
      "source": [
        ""
      ],
      "execution_count": 0,
      "outputs": []
    },
    {
      "cell_type": "markdown",
      "metadata": {
        "id": "IbZVf7nmujPJ",
        "colab_type": "text"
      },
      "source": [
        "## 1.4 Use pandas to import a cleaned version of the titanic dataset from the following link: [Titanic Dataset](https://raw.githubusercontent.com/Geoyi/Cleaning-Titanic-Data/master/titanic_clean.csv)\n",
        "\n",
        "## Calculate the variance-covariance matrix and correlation matrix for the titanic dataset's numeric columns. (you can encode some of the categorical variables and include them as a stretch goal if you finish early)"
      ]
    },
    {
      "cell_type": "code",
      "metadata": {
        "id": "0TWgUIiaCFzq",
        "colab_type": "code",
        "outputId": "4cc0d529-5999-470b-f2d2-f89a41450e33",
        "colab": {
          "base_uri": "https://localhost:8080/",
          "height": 329
        }
      },
      "source": [
        "df=pd.read_csv('https://raw.githubusercontent.com/Geoyi/Cleaning-Titanic-Data/master/titanic_clean.csv')\n",
        "print(df.shape)\n",
        "df.head()\n"
      ],
      "execution_count": 0,
      "outputs": [
        {
          "output_type": "stream",
          "text": [
            "(1310, 16)\n"
          ],
          "name": "stdout"
        },
        {
          "output_type": "execute_result",
          "data": {
            "text/html": [
              "<div>\n",
              "<style scoped>\n",
              "    .dataframe tbody tr th:only-of-type {\n",
              "        vertical-align: middle;\n",
              "    }\n",
              "\n",
              "    .dataframe tbody tr th {\n",
              "        vertical-align: top;\n",
              "    }\n",
              "\n",
              "    .dataframe thead th {\n",
              "        text-align: right;\n",
              "    }\n",
              "</style>\n",
              "<table border=\"1\" class=\"dataframe\">\n",
              "  <thead>\n",
              "    <tr style=\"text-align: right;\">\n",
              "      <th></th>\n",
              "      <th>Unnamed: 0</th>\n",
              "      <th>pclass</th>\n",
              "      <th>survived</th>\n",
              "      <th>name</th>\n",
              "      <th>sex</th>\n",
              "      <th>age</th>\n",
              "      <th>sibsp</th>\n",
              "      <th>parch</th>\n",
              "      <th>ticket</th>\n",
              "      <th>fare</th>\n",
              "      <th>cabin</th>\n",
              "      <th>embarked</th>\n",
              "      <th>boat</th>\n",
              "      <th>body</th>\n",
              "      <th>home.dest</th>\n",
              "      <th>has_cabin_number</th>\n",
              "    </tr>\n",
              "  </thead>\n",
              "  <tbody>\n",
              "    <tr>\n",
              "      <th>0</th>\n",
              "      <td>1</td>\n",
              "      <td>1.0</td>\n",
              "      <td>1.0</td>\n",
              "      <td>Allen, Miss. Elisabeth Walton</td>\n",
              "      <td>female</td>\n",
              "      <td>29.0000</td>\n",
              "      <td>0.0</td>\n",
              "      <td>0.0</td>\n",
              "      <td>24160</td>\n",
              "      <td>211.3375</td>\n",
              "      <td>B5</td>\n",
              "      <td>S</td>\n",
              "      <td>2</td>\n",
              "      <td>NaN</td>\n",
              "      <td>St Louis, MO</td>\n",
              "      <td>1</td>\n",
              "    </tr>\n",
              "    <tr>\n",
              "      <th>1</th>\n",
              "      <td>2</td>\n",
              "      <td>1.0</td>\n",
              "      <td>1.0</td>\n",
              "      <td>Allison, Master. Hudson Trevor</td>\n",
              "      <td>male</td>\n",
              "      <td>0.9167</td>\n",
              "      <td>1.0</td>\n",
              "      <td>2.0</td>\n",
              "      <td>113781</td>\n",
              "      <td>151.5500</td>\n",
              "      <td>C22 C26</td>\n",
              "      <td>S</td>\n",
              "      <td>11</td>\n",
              "      <td>NaN</td>\n",
              "      <td>Montreal, PQ / Chesterville, ON</td>\n",
              "      <td>1</td>\n",
              "    </tr>\n",
              "    <tr>\n",
              "      <th>2</th>\n",
              "      <td>3</td>\n",
              "      <td>1.0</td>\n",
              "      <td>0.0</td>\n",
              "      <td>Allison, Miss. Helen Loraine</td>\n",
              "      <td>female</td>\n",
              "      <td>2.0000</td>\n",
              "      <td>1.0</td>\n",
              "      <td>2.0</td>\n",
              "      <td>113781</td>\n",
              "      <td>151.5500</td>\n",
              "      <td>C22 C26</td>\n",
              "      <td>S</td>\n",
              "      <td>NaN</td>\n",
              "      <td>NaN</td>\n",
              "      <td>Montreal, PQ / Chesterville, ON</td>\n",
              "      <td>1</td>\n",
              "    </tr>\n",
              "    <tr>\n",
              "      <th>3</th>\n",
              "      <td>4</td>\n",
              "      <td>1.0</td>\n",
              "      <td>0.0</td>\n",
              "      <td>Allison, Mr. Hudson Joshua Creighton</td>\n",
              "      <td>male</td>\n",
              "      <td>30.0000</td>\n",
              "      <td>1.0</td>\n",
              "      <td>2.0</td>\n",
              "      <td>113781</td>\n",
              "      <td>151.5500</td>\n",
              "      <td>C22 C26</td>\n",
              "      <td>S</td>\n",
              "      <td>NaN</td>\n",
              "      <td>135.0</td>\n",
              "      <td>Montreal, PQ / Chesterville, ON</td>\n",
              "      <td>1</td>\n",
              "    </tr>\n",
              "    <tr>\n",
              "      <th>4</th>\n",
              "      <td>5</td>\n",
              "      <td>1.0</td>\n",
              "      <td>0.0</td>\n",
              "      <td>Allison, Mrs. Hudson J C (Bessie Waldo Daniels)</td>\n",
              "      <td>female</td>\n",
              "      <td>25.0000</td>\n",
              "      <td>1.0</td>\n",
              "      <td>2.0</td>\n",
              "      <td>113781</td>\n",
              "      <td>151.5500</td>\n",
              "      <td>C22 C26</td>\n",
              "      <td>S</td>\n",
              "      <td>NaN</td>\n",
              "      <td>NaN</td>\n",
              "      <td>Montreal, PQ / Chesterville, ON</td>\n",
              "      <td>1</td>\n",
              "    </tr>\n",
              "  </tbody>\n",
              "</table>\n",
              "</div>"
            ],
            "text/plain": [
              "   Unnamed: 0  pclass  ...                        home.dest has_cabin_number\n",
              "0           1     1.0  ...                     St Louis, MO                1\n",
              "1           2     1.0  ...  Montreal, PQ / Chesterville, ON                1\n",
              "2           3     1.0  ...  Montreal, PQ / Chesterville, ON                1\n",
              "3           4     1.0  ...  Montreal, PQ / Chesterville, ON                1\n",
              "4           5     1.0  ...  Montreal, PQ / Chesterville, ON                1\n",
              "\n",
              "[5 rows x 16 columns]"
            ]
          },
          "metadata": {
            "tags": []
          },
          "execution_count": 44
        }
      ]
    },
    {
      "cell_type": "code",
      "metadata": {
        "id": "y1_Xv4yY3i3j",
        "colab_type": "code",
        "outputId": "c51231c1-6e19-4f5a-e6b6-a96d51a29dbb",
        "colab": {
          "base_uri": "https://localhost:8080/",
          "height": 331
        }
      },
      "source": [
        "df.dtypes"
      ],
      "execution_count": 0,
      "outputs": [
        {
          "output_type": "execute_result",
          "data": {
            "text/plain": [
              "Unnamed: 0            int64\n",
              "pclass              float64\n",
              "survived            float64\n",
              "name                 object\n",
              "sex                  object\n",
              "age                 float64\n",
              "sibsp               float64\n",
              "parch               float64\n",
              "ticket               object\n",
              "fare                float64\n",
              "cabin                object\n",
              "embarked             object\n",
              "boat                 object\n",
              "body                float64\n",
              "home.dest            object\n",
              "has_cabin_number      int64\n",
              "dtype: object"
            ]
          },
          "metadata": {
            "tags": []
          },
          "execution_count": 30
        }
      ]
    },
    {
      "cell_type": "markdown",
      "metadata": {
        "id": "g3DD18XE40Jj",
        "colab_type": "text"
      },
      "source": [
        "Calculate the variance-covariance matrix and correlation matrix for the titanic dataset's numeric columns. (you can encode some of the categorical variables and include them as a stretch goal if you finish early)"
      ]
    },
    {
      "cell_type": "code",
      "metadata": {
        "id": "rd8qjjKS4UVo",
        "colab_type": "code",
        "outputId": "44dd85ea-57e3-4d7d-d5ef-27efcd3b0e8a",
        "colab": {
          "base_uri": "https://localhost:8080/",
          "height": 206
        }
      },
      "source": [
        "df1=df[['pclass','survived', 'age','sibsp', 'parch','fare']].copy()\n",
        "df1.head()\n",
        "\n"
      ],
      "execution_count": 48,
      "outputs": [
        {
          "output_type": "execute_result",
          "data": {
            "text/html": [
              "<div>\n",
              "<style scoped>\n",
              "    .dataframe tbody tr th:only-of-type {\n",
              "        vertical-align: middle;\n",
              "    }\n",
              "\n",
              "    .dataframe tbody tr th {\n",
              "        vertical-align: top;\n",
              "    }\n",
              "\n",
              "    .dataframe thead th {\n",
              "        text-align: right;\n",
              "    }\n",
              "</style>\n",
              "<table border=\"1\" class=\"dataframe\">\n",
              "  <thead>\n",
              "    <tr style=\"text-align: right;\">\n",
              "      <th></th>\n",
              "      <th>pclass</th>\n",
              "      <th>survived</th>\n",
              "      <th>age</th>\n",
              "      <th>sibsp</th>\n",
              "      <th>parch</th>\n",
              "      <th>fare</th>\n",
              "    </tr>\n",
              "  </thead>\n",
              "  <tbody>\n",
              "    <tr>\n",
              "      <th>0</th>\n",
              "      <td>1.0</td>\n",
              "      <td>1.0</td>\n",
              "      <td>29.0000</td>\n",
              "      <td>0.0</td>\n",
              "      <td>0.0</td>\n",
              "      <td>211.3375</td>\n",
              "    </tr>\n",
              "    <tr>\n",
              "      <th>1</th>\n",
              "      <td>1.0</td>\n",
              "      <td>1.0</td>\n",
              "      <td>0.9167</td>\n",
              "      <td>1.0</td>\n",
              "      <td>2.0</td>\n",
              "      <td>151.5500</td>\n",
              "    </tr>\n",
              "    <tr>\n",
              "      <th>2</th>\n",
              "      <td>1.0</td>\n",
              "      <td>0.0</td>\n",
              "      <td>2.0000</td>\n",
              "      <td>1.0</td>\n",
              "      <td>2.0</td>\n",
              "      <td>151.5500</td>\n",
              "    </tr>\n",
              "    <tr>\n",
              "      <th>3</th>\n",
              "      <td>1.0</td>\n",
              "      <td>0.0</td>\n",
              "      <td>30.0000</td>\n",
              "      <td>1.0</td>\n",
              "      <td>2.0</td>\n",
              "      <td>151.5500</td>\n",
              "    </tr>\n",
              "    <tr>\n",
              "      <th>4</th>\n",
              "      <td>1.0</td>\n",
              "      <td>0.0</td>\n",
              "      <td>25.0000</td>\n",
              "      <td>1.0</td>\n",
              "      <td>2.0</td>\n",
              "      <td>151.5500</td>\n",
              "    </tr>\n",
              "  </tbody>\n",
              "</table>\n",
              "</div>"
            ],
            "text/plain": [
              "   pclass  survived      age  sibsp  parch      fare\n",
              "0     1.0       1.0  29.0000    0.0    0.0  211.3375\n",
              "1     1.0       1.0   0.9167    1.0    2.0  151.5500\n",
              "2     1.0       0.0   2.0000    1.0    2.0  151.5500\n",
              "3     1.0       0.0  30.0000    1.0    2.0  151.5500\n",
              "4     1.0       0.0  25.0000    1.0    2.0  151.5500"
            ]
          },
          "metadata": {
            "tags": []
          },
          "execution_count": 48
        }
      ]
    },
    {
      "cell_type": "code",
      "metadata": {
        "id": "vjN8PvP73iyE",
        "colab_type": "code",
        "colab": {
          "base_uri": "https://localhost:8080/",
          "height": 146
        },
        "outputId": "1a722675-2695-4353-b3e8-b627f0390fba"
      },
      "source": [
        "df1.isnull().sum()"
      ],
      "execution_count": 50,
      "outputs": [
        {
          "output_type": "execute_result",
          "data": {
            "text/plain": [
              "pclass      1\n",
              "survived    1\n",
              "age         0\n",
              "sibsp       1\n",
              "parch       1\n",
              "fare        2\n",
              "dtype: int64"
            ]
          },
          "metadata": {
            "tags": []
          },
          "execution_count": 50
        }
      ]
    },
    {
      "cell_type": "markdown",
      "metadata": {
        "id": "eLibZCCZRjo5",
        "colab_type": "text"
      },
      "source": [
        "Calculate the variance-covariance matrix and correlation matrix for the titanic dataset's numeric columns. (you can encode some of the categorical variables and include them as a stretch goal if you finish early)"
      ]
    },
    {
      "cell_type": "code",
      "metadata": {
        "id": "xaTcTSZYSG6o",
        "colab_type": "code",
        "colab": {
          "base_uri": "https://localhost:8080/",
          "height": 238
        },
        "outputId": "a0b9aa7c-8119-41ba-92cb-f183cabe8400"
      },
      "source": [
        "df1.cov()"
      ],
      "execution_count": 52,
      "outputs": [
        {
          "output_type": "execute_result",
          "data": {
            "text/html": [
              "<div>\n",
              "<style scoped>\n",
              "    .dataframe tbody tr th:only-of-type {\n",
              "        vertical-align: middle;\n",
              "    }\n",
              "\n",
              "    .dataframe tbody tr th {\n",
              "        vertical-align: top;\n",
              "    }\n",
              "\n",
              "    .dataframe thead th {\n",
              "        text-align: right;\n",
              "    }\n",
              "</style>\n",
              "<table border=\"1\" class=\"dataframe\">\n",
              "  <thead>\n",
              "    <tr style=\"text-align: right;\">\n",
              "      <th></th>\n",
              "      <th>pclass</th>\n",
              "      <th>survived</th>\n",
              "      <th>age</th>\n",
              "      <th>sibsp</th>\n",
              "      <th>parch</th>\n",
              "      <th>fare</th>\n",
              "    </tr>\n",
              "  </thead>\n",
              "  <tbody>\n",
              "    <tr>\n",
              "      <th>pclass</th>\n",
              "      <td>0.701969</td>\n",
              "      <td>-0.127248</td>\n",
              "      <td>-3.954605</td>\n",
              "      <td>0.053090</td>\n",
              "      <td>0.013287</td>\n",
              "      <td>-24.227788</td>\n",
              "    </tr>\n",
              "    <tr>\n",
              "      <th>survived</th>\n",
              "      <td>-0.127248</td>\n",
              "      <td>0.236250</td>\n",
              "      <td>-0.314343</td>\n",
              "      <td>-0.014088</td>\n",
              "      <td>0.034776</td>\n",
              "      <td>6.146023</td>\n",
              "    </tr>\n",
              "    <tr>\n",
              "      <th>age</th>\n",
              "      <td>-3.954605</td>\n",
              "      <td>-0.314343</td>\n",
              "      <td>165.850021</td>\n",
              "      <td>-2.559806</td>\n",
              "      <td>-1.459378</td>\n",
              "      <td>114.416613</td>\n",
              "    </tr>\n",
              "    <tr>\n",
              "      <th>sibsp</th>\n",
              "      <td>0.053090</td>\n",
              "      <td>-0.014088</td>\n",
              "      <td>-2.559806</td>\n",
              "      <td>1.085052</td>\n",
              "      <td>0.336833</td>\n",
              "      <td>8.641768</td>\n",
              "    </tr>\n",
              "    <tr>\n",
              "      <th>parch</th>\n",
              "      <td>0.013287</td>\n",
              "      <td>0.034776</td>\n",
              "      <td>-1.459378</td>\n",
              "      <td>0.336833</td>\n",
              "      <td>0.749195</td>\n",
              "      <td>9.928031</td>\n",
              "    </tr>\n",
              "    <tr>\n",
              "      <th>fare</th>\n",
              "      <td>-24.227788</td>\n",
              "      <td>6.146023</td>\n",
              "      <td>114.416613</td>\n",
              "      <td>8.641768</td>\n",
              "      <td>9.928031</td>\n",
              "      <td>2678.959738</td>\n",
              "    </tr>\n",
              "  </tbody>\n",
              "</table>\n",
              "</div>"
            ],
            "text/plain": [
              "             pclass  survived         age     sibsp     parch         fare\n",
              "pclass     0.701969 -0.127248   -3.954605  0.053090  0.013287   -24.227788\n",
              "survived  -0.127248  0.236250   -0.314343 -0.014088  0.034776     6.146023\n",
              "age       -3.954605 -0.314343  165.850021 -2.559806 -1.459378   114.416613\n",
              "sibsp      0.053090 -0.014088   -2.559806  1.085052  0.336833     8.641768\n",
              "parch      0.013287  0.034776   -1.459378  0.336833  0.749195     9.928031\n",
              "fare     -24.227788  6.146023  114.416613  8.641768  9.928031  2678.959738"
            ]
          },
          "metadata": {
            "tags": []
          },
          "execution_count": 52
        }
      ]
    },
    {
      "cell_type": "code",
      "metadata": {
        "id": "fzlu8vKt3igR",
        "colab_type": "code",
        "colab": {
          "base_uri": "https://localhost:8080/",
          "height": 238
        },
        "outputId": "9dd4630f-37a0-47e2-cd73-fb15d83e0fa9"
      },
      "source": [
        "df1.corr()"
      ],
      "execution_count": 51,
      "outputs": [
        {
          "output_type": "execute_result",
          "data": {
            "text/html": [
              "<div>\n",
              "<style scoped>\n",
              "    .dataframe tbody tr th:only-of-type {\n",
              "        vertical-align: middle;\n",
              "    }\n",
              "\n",
              "    .dataframe tbody tr th {\n",
              "        vertical-align: top;\n",
              "    }\n",
              "\n",
              "    .dataframe thead th {\n",
              "        text-align: right;\n",
              "    }\n",
              "</style>\n",
              "<table border=\"1\" class=\"dataframe\">\n",
              "  <thead>\n",
              "    <tr style=\"text-align: right;\">\n",
              "      <th></th>\n",
              "      <th>pclass</th>\n",
              "      <th>survived</th>\n",
              "      <th>age</th>\n",
              "      <th>sibsp</th>\n",
              "      <th>parch</th>\n",
              "      <th>fare</th>\n",
              "    </tr>\n",
              "  </thead>\n",
              "  <tbody>\n",
              "    <tr>\n",
              "      <th>pclass</th>\n",
              "      <td>1.000000</td>\n",
              "      <td>-0.312469</td>\n",
              "      <td>-0.366370</td>\n",
              "      <td>0.060832</td>\n",
              "      <td>0.018322</td>\n",
              "      <td>-0.558629</td>\n",
              "    </tr>\n",
              "    <tr>\n",
              "      <th>survived</th>\n",
              "      <td>-0.312469</td>\n",
              "      <td>1.000000</td>\n",
              "      <td>-0.050199</td>\n",
              "      <td>-0.027825</td>\n",
              "      <td>0.082660</td>\n",
              "      <td>0.244265</td>\n",
              "    </tr>\n",
              "    <tr>\n",
              "      <th>age</th>\n",
              "      <td>-0.366370</td>\n",
              "      <td>-0.050199</td>\n",
              "      <td>1.000000</td>\n",
              "      <td>-0.190747</td>\n",
              "      <td>-0.130872</td>\n",
              "      <td>0.171892</td>\n",
              "    </tr>\n",
              "    <tr>\n",
              "      <th>sibsp</th>\n",
              "      <td>0.060832</td>\n",
              "      <td>-0.027825</td>\n",
              "      <td>-0.190747</td>\n",
              "      <td>1.000000</td>\n",
              "      <td>0.373587</td>\n",
              "      <td>0.160238</td>\n",
              "    </tr>\n",
              "    <tr>\n",
              "      <th>parch</th>\n",
              "      <td>0.018322</td>\n",
              "      <td>0.082660</td>\n",
              "      <td>-0.130872</td>\n",
              "      <td>0.373587</td>\n",
              "      <td>1.000000</td>\n",
              "      <td>0.221539</td>\n",
              "    </tr>\n",
              "    <tr>\n",
              "      <th>fare</th>\n",
              "      <td>-0.558629</td>\n",
              "      <td>0.244265</td>\n",
              "      <td>0.171892</td>\n",
              "      <td>0.160238</td>\n",
              "      <td>0.221539</td>\n",
              "      <td>1.000000</td>\n",
              "    </tr>\n",
              "  </tbody>\n",
              "</table>\n",
              "</div>"
            ],
            "text/plain": [
              "            pclass  survived       age     sibsp     parch      fare\n",
              "pclass    1.000000 -0.312469 -0.366370  0.060832  0.018322 -0.558629\n",
              "survived -0.312469  1.000000 -0.050199 -0.027825  0.082660  0.244265\n",
              "age      -0.366370 -0.050199  1.000000 -0.190747 -0.130872  0.171892\n",
              "sibsp     0.060832 -0.027825 -0.190747  1.000000  0.373587  0.160238\n",
              "parch     0.018322  0.082660 -0.130872  0.373587  1.000000  0.221539\n",
              "fare     -0.558629  0.244265  0.171892  0.160238  0.221539  1.000000"
            ]
          },
          "metadata": {
            "tags": []
          },
          "execution_count": 51
        }
      ]
    },
    {
      "cell_type": "markdown",
      "metadata": {
        "id": "7K0Xfh8MvYkl",
        "colab_type": "text"
      },
      "source": [
        "# Orthogonality"
      ]
    },
    {
      "cell_type": "markdown",
      "metadata": {
        "id": "Pe3eOZ2fvdZ-",
        "colab_type": "text"
      },
      "source": [
        "## 2.1 Plot two vectors that are orthogonal to each other. What is a synonym for orthogonal?"
      ]
    },
    {
      "cell_type": "code",
      "metadata": {
        "id": "YLSBk7hJvvCx",
        "colab_type": "code",
        "colab": {
          "base_uri": "https://localhost:8080/",
          "height": 281
        },
        "outputId": "d1382486-2e0d-4071-a7d0-40bc485e3333"
      },
      "source": [
        "#synonym for orthogonal is 'the dot product is zero'.\n",
        "\n",
        "vector_1 = [1, 3]\n",
        "vector_2 = [2, 2]\n",
        "\n",
        "\n",
        "plt.arrow(0,0, vector_1[0], vector_1[1],head_width=.05, head_length=0.1, color ='b')\n",
        "plt.arrow(0,0, vector_2[0], vector_2[1],head_width=.05, head_length=0.1, color ='r')\n",
        "plt.xlim(-1,4)          \n",
        "plt.ylim(-1,4)\n",
        "plt.title(\"Orthogonal Vectors\")\n",
        "plt.show()"
      ],
      "execution_count": 55,
      "outputs": [
        {
          "output_type": "display_data",
          "data": {
